  971.700000	  283.001781	    6.330121
  388.820000	  282.940832	    6.314073	   -0.199930	    5.902451
  433.970000	  282.879305	    6.362410	   -0.099704	    6.800240
  511.980000	  283.343295	    6.291035	   -0.000000	    7.701251
  628.930000	  284.091911	    6.210956	    1.500159	    8.897800
  782.350000	  286.634065	    6.757236	    4.401151	    8.600603
  968.360000	  289.105279	    7.241353	    5.200265	    8.001590
 1176.420000	  290.471353	    7.052521	    5.400012	    9.398500
 1407.880000	  292.917852	    6.881671	    5.299559	   12.101415
 1675.020000	  298.376161	    6.367186	    4.599655	   15.302334
 1981.180000	  301.322548	    5.279006	    4.401391	   14.201045
 2326.930000	  303.216032	    3.982165	    3.399704	   10.297839
 2714.850000	  304.170475	    2.757759	    3.599746	    7.998594
 3150.710000	  304.442626	    2.859030	    6.598903	    8.298931
 3637.560000	  304.938461	    3.540796	   11.099705	   14.799552
 4186.010000	  306.927397	    3.110359	   12.999450	   22.398190
 4800.430000	  308.312938	    1.717706	   10.499911	   25.897054
 5434.290000	  311.037224	    0.619021	    5.899357	   26.898962
 6047.790000	  314.198559	    0.049855	    4.499696	   23.300880
 6636.170000	  317.253697	    0.000100	   10.600276	   24.000000
 7204.140000	  320.251484	    0.000100	   18.196724	   27.999096
 7754.110000	  322.563330	    0.019952	   23.600525	   30.601688
 8280.450000	  325.418834	    0.019970	   27.502447	   32.997749
 8788.020000	  328.357732	    0.019971	   32.999626	   36.000156
 9273.310000	  330.497124	    0.049939	   37.900564	   41.696014
 9736.580000	  331.379729	    0.049885	   38.598188	   43.997305
10174.830000	  332.360046	    0.029966	   37.002295	   42.297163
10605.030000	  334.275371	    0.009987	   34.602973	   38.498003
11014.810000	  336.677404	    0.009987	   33.201729	   34.297443
11412.290000	  339.703350	    0.009986	   32.201537	   28.399464
11835.250000	  343.172011	    0.009983	   28.200574	   21.498641
12280.920000	  347.219024	    0.009988	   24.099496	   17.400294
12760.840000	  353.513771	    0.000100	   20.898967	   16.599981
13274.030000	  359.992588	    0.000100	   18.599237	   16.600454
13833.040000	  366.032180	    0.000100	   17.401502	   15.701410
14436.350000	  372.291441	    0.000100	   18.701368	   15.301442
15103.530000	  380.935540	    0.000100	   20.601082	   12.300211
15847.550000	  392.747280	    0.000100	   18.397825	    6.699897
16686.800000	  408.531587	    0.000100	   18.198048	    2.898569
17591.080000	  424.844709	    0.000100	   18.601172	    0.899987
18426.340000	  443.776349	    0.000100	   15.899669	    2.000138
19198.150000	  460.353219	    0.000100	   14.797648	    1.001019
20027.540000	  480.409148	    0.000100	   14.502222	    0.000000
